

XAXIS = 0
ENR = 6.103515625e-5
MTL = 4000000
DZMIN = ENR
DZMAX = 4*ENR
KP = 10
VEL = 1

XAXIS = 1
ENR = 6.103515625e-5
MTL = 2000000
DZMIN = ENR
DZMAX = 4*ENR
KP = 10
VEL = 1

V0 = 0
V1 = 0
V2 = 0
V3 = 0
V4 = 0
V5 = 0
V6 = 0
V7 = 0
V8 = 0
V9 = 0
V10 = 0
V11 = 0
V12 = 0
V13 = 0
V14 = 0
V15 = 0
V16 = 0
V17 = 0
V18 = 0
V19 = 0