

XAXIS = 0
ENR = 6.103515625e-5
MTL = 2000000
DZMIN = ENR
DZMAX = 4*ENR
KP = 10
VEL = 1

XAXIS = 1
ENR = 6.103515625e-5
MTL = 2000000
DZMIN = ENR
DZMAX = 4*ENR
KP = 10
VEL = 1


